MEMORY
  total           13608 KB
  struct            159 KB
  buffer            137 KB
  arena           13312 KB, used 0.2%

SIZES
  narena                13631488
  nbuffer               140112
  nplugin               0
  maxuse_stack          1328
  maxuse_arena          29184
  maxuse_con            0
  maxuse_efc            8
  ncon                  0
  ne                    0
  nf                    6
  nl                    1
  nefc                  7
  nJ                    42
  nA                    0
  nisland               1
  nidof                 6
  ntree_awake           1
  nbody_awake           11
  nparent_awake         10
  nv_awake              6
  flg_energypos         0
  flg_energyvel         0
  flg_subtreevel        0
  flg_rnepost           0
  threadpool            0

TIMER
    0:  duration =  0          number = 0
    1:  duration =  0.34       number = 2
    2:  duration =  0          number = 0
    3:  duration =  0.072      number = 2
    4:  duration =  0.0058     number = 2
    5:  duration =  0.0013     number = 2
    6:  duration =  0.26       number = 2
    7:  duration =  0          number = 0
    8:  duration =  0.0045     number = 2
    9:  duration =  0.0035     number = 2
    10:  duration =  0.051      number = 2
    11:  duration =  0.011      number = 2
    12:  duration =  0.0002     number = 2
    13:  duration =  0.0083     number = 2
    14:  duration =  0.026      number = 2

SOLVER STAT
  solver_fwdinv =   0         0       
  ISLAND 0
    solver_niter = 2
    solver_nnz = 36
      0:  improvement =  8e+05       gradient =  0.31        lineslope =  0       
          nactive = 7   nchange = 1   neval = 3   nupdate = 0
      1:  improvement =  0.25        gradient =  1.9e-15     lineslope =  0       
          nactive = 7   nchange = 0   neval = 2   nupdate = 0

ENERGY =   0         0       

TIME =  0       

QPOS
  -0.77    
  -0.3     
  -0.47    
   0.54    
  -0.61    
   0       

QVEL
   0       
   0       
   0       
   0       
   0       
   0       

QACC_WARMSTART
   0       
   0       
   0       
   0       
   0       
   0       

CTRL
   0       
   0       
   0       
   0       
   0       
   0       

QFRC_APPLIED
   0       
   0       
   0       
   0       
   0       
   0       

XFRC_APPLIED
   0         0         0         0         0         0       
   0         0         0         0         0         0       
   0         0         0         0         0         0       
   0         0         0         0         0         0       
   0         0         0         0         0         0       
   0         0         0         0         0         0       
   0         0         0         0         0         0       
   0         0         0         0         0         0       
   0         0         0         0         0         0       
   0         0         0         0         0         0       
   0         0         0         0         0         0       

MOCAP_POS
   0.3      -0.25      0.25    

MOCAP_QUAT
   1         0         0         0       

QACC
   27      
  -40      
   7.3e+02 
  -50      
   34      
   0.076   

TREE_ASLEEP
  -11

XPOS
   0         0         0       
   0         0         0       
   0.045     1.7e-07   0.016   
   0.067    -0.021     0.12    
   0.15     -0.1       0.13    
   0.22     -0.17      0.22    
   0.26     -0.21      0.24    
   0.3      -0.25      0.25    
   0.3      -0.25      0.25    
   0.27     -0.23      0.26    
   0.3      -0.25      0.25    

XQUAT
   1         0         0         0       
   0.71      0         0         0.71    
   0.65      0.65      0.27      0.27    
   0.14      0.91      0.38      0.058   
   0.85      0.36      0.15      0.36    
   0.92     -0.1      -0.044     0.39    
   0.83     -0.27      0.38      0.29    
   0.83     -0.27      0.38      0.29    
   0.89      0.24     -0.21     -0.33    
  -0.38     -0.29      0.83     -0.27    
   1         0         0         0       

XMAT
   1         0         0         0         1         0         0         0         1       
  -3.7e-06  -1         0         1        -3.7e-06   0         0         0         1       
   0.7       4.2e-06   0.72      0.72      1.6e-11  -0.7      -3e-06     1        -3e-06   
   0.7       0.68      0.21      0.72     -0.67     -0.21     -3e-06     0.3      -0.96    
   0.7      -0.5       0.52      0.72      0.48     -0.5      -3e-06     0.72      0.69    
   0.7      -0.7      -0.16      0.72      0.68      0.16     -3e-06    -0.23      0.97    
   0.53     -0.7       0.48      0.28      0.68      0.68     -0.8      -0.23      0.56    
   0.53     -0.7       0.48      0.28      0.68      0.68     -0.8      -0.23      0.56    
   0.7       0.48     -0.53     -0.68      0.68     -0.28      0.23      0.56      0.8     
  -0.53     -0.7      -0.48     -0.28      0.68     -0.68      0.8      -0.23     -0.56    
   1         0         0         0         1         0         0         0         1       

XIPOS
   0         0         0       
   0.015     4.6e-06   0.028   
   0.067    -0.022     0.076   
   0.12     -0.069     0.14    
   0.19     -0.14      0.18    
   0.24     -0.2       0.23    
   0.28     -0.23      0.24    
   0.34     -0.29      0.26    
   0.31     -0.25      0.26    
   0.29     -0.25      0.26    
   0.3      -0.25      0.25    

XIMAT
   1         0         0         0         1         0         0         0         1       
   0.67     -0.00065   0.75     -2.8e-05  -1        -0.00085   0.75      0.00054  -0.67    
   0.42     -0.9      -0.11     -0.89     -0.43      0.13     -0.16      0.041    -0.99    
   0.22     -0.71     -0.67     -0.22     -0.71      0.67     -0.95     -0.0034   -0.31    
  -0.49     -0.58      0.66      0.47     -0.81     -0.36      0.73      0.14      0.67    
  -0.16      0.79      0.59      0.16     -0.56      0.81      0.97      0.23     -0.035   
   0.51     -0.14      0.85      0.73     -0.45     -0.52      0.45      0.88     -0.13    
   0.53     -0.7       0.48      0.28      0.68      0.68     -0.8      -0.23      0.56    
   0.37     -0.87     -0.32     -0.17      0.28     -0.95      0.91      0.4      -0.041   
  -0.49     -0.46      0.74     -0.33     -0.69     -0.64      0.81     -0.56      0.19    
   1         0         0         0         1         0         0         0         1       

XANCHOR
   0.045     1.7e-07   0.016   
   0.067    -0.021     0.12    
   0.15     -0.1       0.13    
   0.22     -0.17      0.22    
   0.26     -0.21      0.24    
   0.27     -0.23      0.26    

XAXIS
   4.2e-06   1.6e-11   1       
   0.7       0.72     -3e-06   
   0.7       0.72     -3e-06   
   0.7       0.72     -3e-06   
  -0.7       0.68     -0.23    
  -0.48     -0.68     -0.56    

GEOM_XPOS
   0         0         0       
   0.015     4.6e-06   0.028   
   0.034     1.3e-07   0.046   
   0.015     4.6e-06   0.028   
   0.065    -0.02      0.065   
   0.067    -0.021     0.11    
   0.065    -0.02      0.065   
   0.11     -0.06      0.14    
   0.15     -0.1       0.14    
   0.11     -0.06      0.14    
   0.18     -0.14      0.17    
   0.21     -0.16      0.21    
   0.18     -0.14      0.17    
   0.23     -0.19      0.23    
   0.24     -0.21      0.23    
   0.23     -0.19      0.23    
   0.28     -0.23      0.24    
   0.27     -0.23      0.25    
   0.31     -0.24      0.23    
   0.27     -0.22      0.24    
   0.33     -0.27      0.25    
   0.33     -0.27      0.25    
   0.32     -0.26      0.24    
   0.31     -0.24      0.24    
   0.32     -0.27      0.26    
   0.31     -0.23      0.26    
   0.29     -0.26      0.27    
   0.28     -0.25      0.26    
   0.32     -0.28      0.27    
   0.29     -0.26      0.27    
   0.27     -0.23      0.26    
   0.32     -0.28      0.27    
   0.32     -0.27      0.27    
   0.31     -0.27      0.26    
   0.29     -0.25      0.26    
   0.3      -0.25      0.25    

GEOM_XMAT
   1         0         0         0         1         0         0         0         1       
   0.67     -0.00065   0.75     -2.8e-05  -1        -0.00085   0.75      0.00054  -0.67    
  -3.7e-06  -0.025     1         1        -9.1e-08   3.7e-06   1.1e-16   1         0.025   
   0.67     -0.00065   0.75     -2.8e-05  -1        -0.00085   0.75      0.00054  -0.67    
   0.66      0.7      -0.25      0.75     -0.61      0.25      0.023    -0.35     -0.93    
   0.72     -0.7       0.017    -0.7      -0.72      0.018    -3e-06    -0.025    -1       
   0.66      0.7      -0.25      0.75     -0.61      0.25      0.023    -0.35     -0.93    
   0.22     -0.69     -0.69     -0.22     -0.72      0.66     -0.95      0.0055   -0.31    
   0.68     -0.7       0.19     -0.67     -0.71     -0.22      0.3       0.024    -0.96    
   0.22     -0.69     -0.69     -0.22     -0.72      0.66     -0.95      0.0055   -0.31    
  -0.51     -0.62      0.6       0.49     -0.78     -0.4       0.71      0.089     0.7     
  -0.5      -0.71      0.5       0.48     -0.7      -0.52      0.72     -0.017     0.69    
  -0.51     -0.62      0.6       0.49     -0.78     -0.4       0.71      0.089     0.7     
  -0.16     -0.96      0.23      0.16     -0.25     -0.95      0.97     -0.12      0.19    
  -0.16      0.56      0.81      0.16     -0.8       0.58      0.97      0.22      0.041   
  -0.16     -0.96      0.23      0.16     -0.25     -0.95      0.97     -0.12      0.19    
   0.51     -0.19      0.84      0.74     -0.4      -0.54      0.44      0.89     -0.067   
  -0.7       0.49      0.52      0.68      0.68      0.27     -0.23      0.54     -0.81    
   0.68      0.48      0.55      0.12      0.68     -0.73     -0.72      0.56      0.4     
  -0.64      0.51      0.58      0.72      0.66      0.22     -0.27      0.56     -0.78    
   0.53     -0.7       0.48      0.28      0.68      0.68     -0.8      -0.23      0.56    
   0.53     -0.7       0.48      0.28      0.68      0.68     -0.8      -0.23      0.56    
   0.53     -0.7       0.48      0.28      0.68      0.68     -0.8      -0.23      0.56    
   0.53     -0.7       0.48      0.28      0.68      0.68     -0.8      -0.23      0.56    
  -0.53      0.48     -0.7      -0.28      0.68      0.68      0.8       0.56     -0.23    
   0.7      -0.53     -0.48     -0.68     -0.28     -0.68      0.23      0.8      -0.56    
   0.7      -0.48      0.53     -0.68     -0.68      0.28      0.23     -0.56     -0.8     
  -0.48     -0.48      0.74     -0.33     -0.68     -0.66      0.81     -0.56      0.17    
  -0.19     -0.48      0.86     -0.54     -0.68     -0.5       0.82     -0.56     -0.13    
  -0.49     -0.48      0.73     -0.32     -0.68     -0.66      0.81     -0.56      0.18    
  -0.48     -0.74     -0.47     -0.33      0.65     -0.68      0.81     -0.17     -0.56    
  -0.53     -0.7      -0.48     -0.28      0.68     -0.68      0.8      -0.23     -0.56    
  -0.53     -0.7      -0.48     -0.28      0.68     -0.68      0.8      -0.23     -0.56    
  -0.53     -0.7      -0.48     -0.28      0.68     -0.68      0.8      -0.23     -0.56    
  -0.53     -0.7      -0.48     -0.28      0.68     -0.68      0.8      -0.23     -0.56    
   1         0         0         0         1         0         0         0         1       

SITE_XPOS
   0.3      -0.25      0.25    
   0.3      -0.25      0.25    

SITE_XMAT
   0.53     -0.7       0.48      0.28      0.68      0.68     -0.8      -0.23      0.56    
   0.7       0.48     -0.53     -0.68      0.68     -0.28      0.23      0.56      0.8     

CAM_XPOS
   0.52      0.16      0.54    

CAM_XMAT
  -0.88     -0.25      0.4       0.47     -0.47      0.75      0         0.85      0.53    

LIGHT_XPOS
   0         0         1.5     

LIGHT_XDIR
   0         0        -1       

SUBTREE_COM
   0.096    -0.064     0.1     
   0.095    -0.064     0.1     
   0.17     -0.12      0.17    
   0.19     -0.15      0.19    
   0.23     -0.18      0.21    
   0.27     -0.22      0.24    
   0.28     -0.23      0.24    
   0.31     -0.25      0.26    
   0.31     -0.25      0.26    
   0.29     -0.25      0.26    
   0.3      -0.25      0.25    

CDOF
   4.2e-06   1.6e-11   1         0.064     0.05     -2.7e-07 
   0.7       0.72     -3e-06    -0.014     0.013    -0.049   
   0.7       0.72     -3e-06    -0.018     0.018     0.067   
   0.7       0.72     -3e-06    -0.088     0.086     0.16    
  -0.7       0.68     -0.23     -0.06     -0.058     0.011   
  -0.48     -0.68     -0.56      0.2       0.02     -0.19    

CINERT
   0         0         0         0         0         0         0         0         0         0       
   0.0056    0.0069    0.0063    0.0028   -0.0031    0.0026   -0.045     0.036    -0.04      0.56    
   0.00034   0.00022   0.00033   0.00014  -8.2e-05   0.00012  -0.0033    0.005    -0.0029    0.12    
   0.00035   0.00042   0.00028   6e-05    -0.00016   6.2e-05   0.0034   -0.00087   0.006     0.16    
   0.002     0.0023    0.0023    0.0011   -0.0011    0.00096   0.014    -0.012     0.012     0.15    
   0.0023    0.0025    0.0025    0.0012   -0.0012    0.0012    0.0093   -0.0089    0.0087    0.066   
   0.0043    0.0051    0.0057    0.0028   -0.0024    0.0021    0.017    -0.015     0.013     0.093   
   0         0         0         0         0         0         0        -0         0         0       
   0.00012   0.00014   0.00016   7.9e-05  -6.8e-05   6.1e-05   0.00042  -0.00037   0.00032   0.002   
   0.0013    0.0013    0.0015    0.00073  -0.00064   0.00062   0.0039   -0.0038    0.0033    0.02    
   1.7e-07   1.7e-07   1.7e-07   0         0         0        -2.3e-19   0         0         0.0042  

ACTUATOR_LENGTH
  -0.77    
  -0.3     
  -0.47    
   0.54    
  -0.61    
   0       

actuator_moment
--------
 x      |
  x     |
   x    |
    x   |
     x  |
      x |
--------

ACTUATOR_MOMENT
     0:  1       
     1:  1       
     2:  1       
     3:  1       
     4:  1       
     5:  1       

CRB
   0         0         0         0         0         0         0         0         0         0       
   0.016     0.019     0.019     0.009    -0.0088    0.0076    0        -2.1e-17   0         1.2     
   0.011     0.012     0.013     0.0062   -0.0057    0.0051    0.045    -0.036     0.04      0.61    
   0.01      0.012     0.012     0.006    -0.0056    0.005     0.048    -0.041     0.043     0.49    
   0.01      0.011     0.012     0.006    -0.0055    0.0049    0.045    -0.04      0.037     0.33    
   0.008     0.009     0.0099    0.0049   -0.0043    0.0039    0.031    -0.028     0.025     0.18    
   0.0057    0.0065    0.0074    0.0036   -0.0031    0.0028    0.022    -0.019     0.017     0.12    
   0.00012   0.00014   0.00016   7.9e-05  -6.8e-05   6.1e-05   0.00042  -0.00037   0.00032   0.002   
   0.00012   0.00014   0.00016   7.9e-05  -6.8e-05   6.1e-05   0.00042  -0.00037   0.00032   0.002   
   0.0013    0.0013    0.0015    0.00073  -0.00064   0.00062   0.0039   -0.0038    0.0033    0.02    
   1.7e-07   1.7e-07   1.7e-07   0         0         0        -2.3e-19   0         0         0.0042  

QM
   0.13    
   7.9e-05   0.12    
   7.3e-05   0.013     0.11    
   9.4e-06   0.0042    0.0027    0.1     
  -3e-05     3.4e-05   2.1e-05   8.5e-06   0.1     
  -0.00013  -0.00018  -0.00012  -6.5e-05   1e-07     0.1     

M
     0:  0.13    
     0:  7.9e-05    1:  0.12    
     0:  7.3e-05    1:  0.013      2:  0.11    
     0:  9.4e-06    1:  0.0042     2:  0.0027     3:  0.1     
     0: -3e-05      1:  3.4e-05    2:  2.1e-05    3:  8.5e-06    4:  0.1     
     0: -0.00013    1: -0.00018    2: -0.00012    3: -6.5e-05    4:  1e-07      5:  0.1     

QLD
     0:  0.13    
     0:  0.00058    1:  0.12    
     0:  0.00067    1:  0.12       2:  0.11    
     0:  9.2e-05    1:  0.041      2:  0.026      3:  0.1     
     0: -0.0003     1:  0.00034    2:  0.00021    3:  8.5e-05    4:  0.1     
     0: -0.0013     1: -0.0018     2: -0.0012     3: -0.00065    4:  1e-06      5:  0.1     

QLDIAGINV
   8       
   8.2     
   9.2     
   9.9     
   10      
   10      

M: inertia structure
--------
 x      |
 xx     |
 xxx    |
 xxxx   |
 xxxxx  |
 xxxxxx |
--------

iM: block-diagonal inertia (nnzs are island ids)
--------
 0      |
 00     |
 000    |
 0000   |
 00000  |
 000000 |
--------

TREE_AWAKE
  1

BODY_AWAKE
  -1 -1 1 1 1 1 1 1 1 1 1

BODY_AWAKE_IND
  0 1 2 3 4 5 6 7 8 9 10

PARENT_AWAKE_IND
  1 2 3 4 5 6 7 8 9 10

DOF_AWAKE_IND
  0 1 2 3 4 5

EFC_TYPE
  1
  1
  1
  1
  1
  1
  3

EFC_ID
  0
  1
  2
  3
  4
  5
  2

EFC_J
   1         0         0         0         0         0       
   0         1         0         0         0         0       
   0         0         1         0         0         0       
   0         0         0         1         0         0       
   0         0         0         0         1         0       
   0         0         0         0         0         1       
   0         0         1         0         0         0       

IEFC_J
   1         0         0         0         0         0       
   0         1         0         0         0         0       
   0         0         1         0         0         0       
   0         0         0         1         0         0       
   0         0         0         0         1         0       
   0         0         0         0         0         1       
   0         0         1         0         0         0       

EFC_POS
   0       
   0       
   0       
   0       
   0       
   0       
  -0.29    

EFC_MARGIN
   0       
   0       
   0       
   0       
   0       
   0       
   0       

EFC_FRICTIONLOSS
   0.1     
   0.1     
   0.1     
   0.1     
   0.1     
   0.1     
   0       

EFC_DIAGAPPROX
   7.6     
   8.1     
   9.3     
   9.9     
   10      
   10      
   9.3     

EFC_KBIP
   0         1.1e+02   0.9       0       
   0         1.1e+02   0.9       0       
   0         1.1e+02   0.9       0       
   0         1.1e+02   0.9       0       
   0         1.1e+02   0.9       0       
   0         1.1e+02   0.9       0       
   2.8e+03   1.1e+02   0.95      0       

EFC_D
   1.2     
   1.1     
   0.97    
   0.91    
   0.9     
   0.9     
   2       

EFC_R
   0.84    
   0.9     
   1       
   1.1     
   1.1     
   1.1     
   0.49    

ACTUATOR_VELOCITY
   0       
   0       
   0       
   0       
   0       
   0       

CVEL
   0         0         0         0         0         0       
   0         0         0         0         0         0       
   0         0         0         0         0         0       
   0         0         0         0         0         0       
   0         0         0         0         0         0       
   0         0         0         0         0         0       
   0         0         0         0         0         0       
   0         0         0         0         0         0       
   0         0         0         0         0         0       
   0         0         0         0         0         0       
   0         0         0         0         0         0       

CDOF_DOT
   0         0         0         0         0         0       
  -0         0         0        -0         0         0       
  -0         0         0         0         0         0       
  -0         0         0         0         0         0       
  -0         0         0         0         0         0       
   0         0         0         0         0         0       

QFRC_BIAS
  -3.1e-06 
  -0.85    
  -0.37    
  -0.13    
  -0.0011  
   0.0049  

QFRC_SPRING
   0       
   0       
   0       
   0       
   0       
   0       

QFRC_DAMPER
   0       
   0       
   0       
   0       
   0       
   0       

QFRC_GRAVCOMP
   0       
   0       
   0       
   0       
   0       
   0       

QFRC_FLUID
   0       
   0       
   0       
   0       
   0       
   0       

QFRC_PASSIVE
   0       
   0       
   0       
   0       
   0       
   0       

EFC_VEL
   0       
   0       
   0       
   0       
   0       
   0       
   0       

EFC_AREF
  -0       
  -0       
  -0       
  -0       
  -0       
  -0       
   7.7e+02 

SUBTREE_LINVEL
   0         0         0       
   0         0         0       
   0         0         0       
   0         0         0       
   0         0         0       
   0         0         0       
   0         0         0       
   0         0         0       
   0         0         0       
   0         0         0       
   0         0         0       

SUBTREE_ANGMOM
   0         0         0       
   0         0         0       
   0         0         0       
   0         0         0       
   0         0         0       
   0         0         0       
   0         0         0       
   0         0         0       
   0         0         0       
   0         0         0       
   0         0         0       

ACTUATOR_FORCE
   3.5     
   3.5     
   3.5     
  -3.5     
   3.5     
   0       

QFRC_ACTUATOR
   3.5     
   3.5     
   3.5     
  -3.5     
   3.5     
   0       

QFRC_SMOOTH
   3.5     
   4.4     
   3.9     
  -3.4     
   3.5     
  -0.0049  

QACC_SMOOTH
   28      
   33      
   33      
  -36      
   35      
   0.062   

EFC_B
   28      
   33      
   33      
  -36      
   35      
   0.062   
  -7.4e+02 

EFC_FORCE
  -0.1     
   0.1     
  -0.1     
   0.1     
  -0.1     
  -0.068   
   75      

EFC_STATE
  3
  3
  3
  2
  3
  1
  1

QFRC_CONSTRAINT
  -0.1     
   0.1     
   75      
   0.1     
  -0.1     
  -0.068   

QFRC_INVERSE
   0       
   0       
   0       
   0       
   0       
   0       

CACC
   0         0         0         0         0         0       
   0         0         0         0         0         0       
   0         0         0         0         0         0       
   0         0         0         0         0         0       
   0         0         0         0         0         0       
   0         0         0         0         0         0       
   0         0         0         0         0         0       
   0         0         0         0         0         0       
   0         0         0         0         0         0       
   0         0         0         0         0         0       
   0         0         0         0         0         0       

CFRC_INT
   0         0         0         0         0         0       
   0         0         0         0         0         0       
   0         0         0         0         0         0       
   0         0         0         0         0         0       
   0         0         0         0         0         0       
   0         0         0         0         0         0       
   0         0         0         0         0         0       
   0         0         0         0         0         0       
   0         0         0         0         0         0       
   0         0         0         0         0         0       
   0         0         0         0         0         0       

CFRC_EXT
   0         0         0         0         0         0       
   0         0         0         0         0         0       
   0         0         0         0         0         0       
   0         0         0         0         0         0       
   0         0         0         0         0         0       
   0         0         0         0         0         0       
   0         0         0         0         0         0       
   0         0         0         0         0         0       
   0         0         0         0         0         0       
   0         0         0         0         0         0       
   0         0         0         0         0         0       

TREE_ISLAND
  0

ISLAND_NTREE
  1

ISLAND_ITREEADR
  0

MAP_ITREE2TREE
  0

DOF_ISLAND            0 0 0 0 0 0

ISLAND_NV             6

ISLAND_IDOFADR        0

MAP_IDOF2DOF          0 1 2 3 4 5

EFC_ISLAND            0 0 0 0 0 0 0

ISLAND_NEFC           7

ISLAND_IEFCADR        0

MAP_IEFC2EFC          0 1 2 3 4 5 6

